param Q :    1   2  3	4	5	6 :=  
1 0.99999249868388107   0.11307912294810663     0.023714199320033776 0  0 0
2 6.7847473768863975E-6 0.88692083566276492     8.2378104780934E-8   0  0 0
3 2.8457039184040539E-7 1.6475620956186797E-8   0.97628571315909907  0  0 0
4 2.0735920807902612E-7 1.1958483624697883E-8   2.4685259539342889E-9 1  0 0
5 1.3823947205268414E-7 7.9723224164652571E-9 1.645683969289526E-9 0 1   0
6 8.6399670032927546E-8 4.9827015102907843E-9 1.0285524808059533E-9 0  0 1 ;
# discrete matrix with 24 h/ 1 day sampling time 
param Ts := 24; # 1 day 	
				
param Q :    1   2  3	4	5	6 :=  
1 0.9999890439594975 0.16472883454443304 0.035359506369336317 0 0 0
2   9.8837300726659845E-6 0.835271074276926 1.8103045953372793E-7 0 0 0
3  4.2431407643203581E-7 3.620609190674558E-8 0.96464030107496546 0 0 0 
4  3.1103824962863584E-7 2.63868235358556E-8 5.5321145975701516E-9 1 0    0
5  2.073588330857573E-7 1.7591215690570402E-8 3.6880763983801021E-9 0 1    0
6   1.2959927067859827E-7 1.0994509806606499E-8 2.3050477489875633E-9 0    0 1;
# discrete matrix with 36 h /1.5 day sampling time 	
param Ts := 36; # 1.5 day 

param Q :    1   2  3	4	5	6 :=  
1 0.99999614674012893 0.058235352070008822 0.011928263900610248 0 0 0
2   3.49412112420053E-6 0.94176463735977634 2.1089511495636014E-8 0 0 0
3  1.4313916680732297E-7 4.2179022991272016E-9 0.98807171371904845 0 0   0
4   1.0367979842079213E-7 3.0491100438168634E-9 6.1959831951959591E-10 1    0 0
5   6.9119865613861439E-8 2.0327400292112433E-9 4.1306554634639739E-10 0    1 0
6   4.3199916008663376E-8 1.2704625182570267E-9 2.5816596646649829E-10 0    0 1;
# discrete matrix with 36 h /1.5 day sampling time 	
param Ts := 12; # .5 day 


param Q :    1   2  3	4	5	6 :=  
  1 0.99999967075480389 0.0049875199849479255 0.000999500001931637 0 0 0 
  2  2.9925119909687547E-7 0.99501247994018693 1.4970037065390959E-10 0 0   0
  3 1.1994000023179647E-8 2.9940074130781927E-11 0.999000499839371 0 0 0   
  4 8.6399985765747359E-9 2.1564042584720887E-11 4.3185598853904993E-12    1 0 0
  5 5.7599990510498259E-9 1.4376028389813928E-11 2.8790399235936667E-12    0 1 0
  6 3.599999406906139E-9 8.9850177436337E-12 1.7993999522460411E-12 0 0    1;
param Ts := 1; # one hour  


param Q :    1   2  3	4	5	6 :=  
  1 0.99999934301422544 0.00995016297183513 0.0019980006751168546 0 0 0
  2 5.97009778310108E-7 0.99004983672924218 5.97606056237077E-10 0 0 0 
  3 2.397600810140226E-8 1.1952121124741538E-10 0.99800199869130113 0 0    0
  4 1.727999431497631E-8 8.6112699645197053E-11 1.7268481966685797E-11 1    0 0
  5  1.1519996209984208E-8 5.7408466430131377E-11 1.151232131112387E-11 0    1 0
  6 7.1999976312401269E-9 3.5880291518832091E-11 7.1952008194524158E-12    0 0 1;
param Ts := 2; # one hour  

param Q :    1   2  3	4	5	6 :=  
1 0.99999804694950623 0.0295544373144237 0.0059820300718785033 0 0 0
  2 1.7732662388654224E-6 0.97044556001451743 5.3356956745321665E-9 0 0    0
  3 7.178436086254204E-8 1.0671391349064329E-9 0.99401796426907307 0 0 0    
  4 5.1839949145242E-8 7.6988146591783583E-10 1.5520932421173024E-10 1 0    0
  5 3.4559966096828011E-8 5.1325431061189055E-10 1.0347288280782019E-10    0 1 0
  6 2.1599978810517494E-8 3.2078394413243152E-10 6.4670551754887582E-11   0 0 1;
param Ts := 6; # one hour 